-------------------------------------------------------------
Length:  10
-------------------------------------------------------------
1.7320458349246483e-78
0.428578104441349
2.9900029052376176e-78
0.6050585916158528
1.0
0.4471004168367317
0.15456387447015776
0.5817295586070355
3.0839145151269e-78
7.70649047396433e-155
Bleu Score:  0.32170305459711
-------------------------------------------------------------
Length:  25
-------------------------------------------------------------
0.2817265921889336
0.027785678122425394
1.5553283585291135e-78
0.4670678731564325
0.3787829351075022
0.3436923342335809
0.4427223401948088
0.7107029420701755
0.5115383541131534
0.6961736582148174
Bleu Score:  0.38601927074018
-------------------------------------------------------------
Length:  24
-------------------------------------------------------------
0.38598157345159545
0.7289611262028419
0.5733209022041681
0.5908686462251592
0.45768758348708644
0.5384757122268081
0.5874303561573934
0.5382420324099455
0.6112987435009606
0.20602351515722586
Bleu Score:  0.52182901910232
-------------------------------------------------------------
Length:  16
-------------------------------------------------------------
0.549369981886313
0.6728717700671102
0.3989631873281837
0.46816290097376007
0.2513970044482565
0.5511018622570266
0.3528973837991333
0.29045363196733526
0.6473023521605351
0.524473093668985
Bleu Score:  0.47069931685566
-------------------------------------------------------------
Length:  21
-------------------------------------------------------------
0.7115005786298498
0.3721449281528315
0.539710693336502
0.9539023445731578
0.600351554904517
0.4213793633623979
0.5714027185678063
0.27246355751409124
0.12443933181935356
0.42452619746636505
Bleu Score:  2.1994327881279645
-------------------------------------------------------------
Length:  11
-------------------------------------------------------------
0.3100594598265322
0.8151879640695382
0.2782385120784715
0.8723360571509826
0.37513438623058804
0.9413088179166782
0.5078189888411184
0.14913186278130003
0.31299765639813715
0.4875958185169818
Bleu Score:  2.7044137405089974
-------------------------------------------------------------
Length:  26
-------------------------------------------------------------
0.6687525076692254
0.038387380688069954
0.513922520236513
0.43877604998313213
0.6789543749873715
0.42505719015834237
0.2374773273336799
0.6420460937410286
0.5116271225593044
0.2518240140504493
Bleu Score:  3.145096198649709
-------------------------------------------------------------
Length:  30
-------------------------------------------------------------
0.6869300479264333
0.597131605642867
0.7979717706275382
0.311238661472222
0.19063192027136197
0.6719031291994471
0.8565351775991965
0.2755356380824718
0.4979378508521713
0.661183882770994
Bleu Score:  3.6997961670941804

-------------------------------------------------------------
Length:  9
-------------------------------------------------------------
0.6467599179018235
0.7106955793922144
0.2825140756442053
0.688026938666758
0.47470837236166397
0.5318443485033046
2.4601804961371553e-78
0.4792827638264359
0.4956749867932293
0.7408116562614602
Bleu Score:  0.5050318639351095
-------------------------------------------------------------
Length:  23
-------------------------------------------------------------
0.31069382339654095
0.4255600533041892
6.154849557015963e-155
0.6761539419239778
0.33595252887705757
0.2936888307190659
0.5583284542877519
0.18954952506770792
0.48091523486241544
0.5746199795091677
Bleu Score:  0.8895781011298969
-------------------------------------------------------------
Length:  31
-------------------------------------------------------------
0.26282186554321063
0.43112975219601324
0.5793915672129422
0.31872370675059086
0.6339991309660393
0.33613758877905053
0.4913337499319605
0.37949887026436496
0.1887520045933651
0.3415484730983602
Bleu Score:  1.2859117720634867
-------------------------------------------------------------
Length:  14
-------------------------------------------------------------
0.5786518074577842
0.7977050082128441
0.391905022582244
0.5404565164658632
0.5245317026158796
0.3246272532552689
0.4025269300323108
0.5411190723311967
0.18452966003420712
0.5330503862297631
Bleu Score:  1.7678221079852232
-------------------------------------------------------------
Length:  13
-------------------------------------------------------------
0.4214002713137703
0.4636143494454651
2.287405455627218e-78
0.657839427409847
0.8261551734328727
0.3382493597898325
0.7788007830714049
0.6129885953049521
0.0809821510154218
0.6898945871214541
Bleu Score:  2.254814577775725
-------------------------------------------------------------
Length:  15
-------------------------------------------------------------
0.44054160205306214
0.29038766801109606
0.7990115678497702
0.2900163987268622
0.6246347280002744
0.2983953775802062
0.21736914613908473
0.8151012294576215
0.48097454024403247
0.6056956183892606
Bleu Score:  2.7410273654208526
-------------------------------------------------------------
Length:  17
-------------------------------------------------------------
0.5969936077387072
0.31579938648993583
0.4987660107101023
0.5224576202649115
0.45069656286798154
0.4468074675589137
0.601185066199613
0.4434720663761986
0.3595322247805414
0.33954899612331996
Bleu Score:  3.1985532663318748
-------------------------------------------------------------
Length:  12
-------------------------------------------------------------
0.17527264770615705
0.6263962669781653
0.17018723247318138
0.27935386022483855
0.8033728529465365
0.4245935725230451
0.14256828374238473
0.2786654122559987
0.3907486772428581
0.3214947402906641
Bleu Score:  3.5598186209702574
-------------------------------------------------------------
Length:  20
-------------------------------------------------------------
0.4673456319834077
0.4685392317082852
0.4867575339194698
0.92450369645807
0.4846299778567921
0.3939819926755094
0.42989338645592184
0.3663210098088832
0.6229698886825652
0.6135816294279374
Bleu Score:  4.0856710188679415